P3
21
7
255
0   0   0      0   0   0      0   0   0      0   0   0      0   0   0      0   0   0      0   0   0      0   0   0      0   0   0      0   0   0     0   0   0     0   0   0     0   0   0     0   0   0      0   0   0      0   0   0      0   0   0      0   0   0     0   0   0     0   0   0     0   0   0
0   0   0    255   0   0    255   0   0    255   0   0      0   0   0      0 200   0      0 200   0      0 200   0      0   0   0      0   0 255     0   0   0     0   0   0     0   0   0   230 230   0      0   0   0    230 230   0      0   0   0    240   0 250   240   0 250   240   0 250     0   0   0
0   0   0    255   0   0      0   0   0      0   0   0      0   0   0      0 200   0      0   0   0      0 200   0      0   0   0      0   0 255     0   0   0     0   0   0     0   0   0   230 230   0      0   0   0    230 230   0      0   0   0    240   0 250     0   0   0   240   0 250     0   0   0
0   0   0    255   0   0    255   0   0    255   0   0      0   0   0      0 200   0      0 200   0      0 200   0      0   0   0      0   0 255     0   0   0     0   0   0     0   0   0   230 230   0      0   0   0    230 230   0      0   0   0    240   0 250   240   0 250   240   0 250     0   0   0
0   0   0      0   0   0      0   0   0    255   0   0      0   0   0      0 200   0      0   0   0      0 200   0      0   0   0      0   0 255     0   0   0     0   0   0     0   0   0   230 230   0      0   0   0    230 230   0      0   0   0    240   0 250     0   0   0   240   0 250     0   0   0
0   0   0    255   0   0    255   0   0    255   0   0      0   0   0      0 200   0      0   0   0      0 200   0      0   0   0      0   0 255     0   0 255     0   0 255     0   0   0     0   0   0    230 230   0      0   0   0      0   0   0    240   0 250     0   0   0   240   0 250     0   0   0
0   0   0      0   0   0      0   0   0      0   0   0      0   0   0      0   0   0      0   0   0      0   0   0      0   0   0      0   0   0     0   0   0     0   0   0     0   0   0     0   0   0      0   0   0      0   0   0      0   0   0      0   0   0     0   0   0     0   0   0     0   0   0